0.000000000000000000e+00 5.261975957771444952e-03 -1.153053845585450161e-02 -3.131094580488129331e-02 -1.178531246447182997e-03 -2.384832398980047188e-02 2.098654954318632075e-03 -2.119170297634335662e-03 1.470306165981266492e-03 1.357782245815461171e-03
1.000000000000000056e-01 -1.122888057695501096e-01 -3.098767782244873925e-02 -3.467575324191525532e-02 -2.817685435219549096e-03 -9.030334525663248277e-03 -1.666402645657151516e-02 -8.362947812546756357e-03 -7.178193530487231647e-03 -1.102643621078619983e-02
2.000000000000000111e-01 9.310513221414996876e-04 -1.499103171330150308e-02 -4.693182512621245361e-02 -1.067820951571831802e-02 -9.279860291665154720e-03 -2.906922786323350161e-02 -1.658321441220982767e-02 -1.559222173758736257e-02 -1.516635017566075536e-02
3.000000000000000444e-01 -3.356808191447948481e-02 1.214714822030418112e-02 -1.306385998890995624e-02 -1.253724984185407461e-02 -1.689101279506646444e-02 -1.698749213808825598e-02 -2.611750161909645943e-02 -1.845701972379596573e-02 -2.047274489510984841e-02
4.000000000000000222e-01 -2.843035733291945921e-02 -7.740841239653079020e-02 -1.059623398549368323e-02 -6.108352158261842746e-02 -3.838278810861310564e-02 -2.429619741725490972e-02 -1.945900080023343567e-02 -2.149871248256338130e-02 -2.179578385126356571e-02
5.000000000000000000e-01 2.191437478353704116e-02 -7.135751074811741423e-02 -2.450836154978016518e-02 -2.756248745845908676e-02 -2.060504074903384344e-02 -1.862700790431582112e-02 -1.648662228482156850e-02 -2.163352592068862323e-02 -2.043020484867885331e-02
6.000000000000000888e-01 -4.244159301437372411e-02 1.670447652730474436e-02 -5.255269064652785815e-02 -3.282338671918456907e-02 -1.782508749005086435e-02 -1.505196302147197851e-02 -1.834509130097358373e-02 -1.850700254602542782e-02 -1.564283643354830514e-02
7.000000000000000666e-01 -1.131623282670824460e-01 -3.066723093839097622e-02 2.208140375492084403e-03 1.432505379236207257e-02 -7.876105535944859237e-03 -1.836524497068994441e-02 -8.669167232881528490e-03 -1.451383330565355137e-02 -1.170983378906737329e-02
8.000000000000000444e-01 1.413302532453693527e-01 4.695157312352012807e-02 2.392301376524224449e-02 -1.833730823789371522e-02 -1.640481332272617464e-03 9.562959005357044018e-04 -3.008204478737038293e-03 -4.947170390574748625e-03 -4.345706714860717024e-03
9.000000000000000222e-01 -3.835348672890681251e-03 3.308757530858806844e-03 4.393707152879579997e-02 8.363657807583326637e-03 1.517988549700752081e-02 1.541763062449971224e-02 1.035621754941734411e-02 5.095476453463951977e-03 5.897431463333374126e-03
1.000000000000000000e+00 3.330241785665775944e-02 9.464780201295730500e-02 -1.952007869617782693e-02 1.427326363788922192e-03 1.657882113986728495e-02 1.542395111827619611e-02 1.341078075464011143e-02 1.638846243388897284e-02 1.722834678669220992e-02
1.100000000000000089e+00 -1.175587387481048934e-01 1.152806417499794150e-01 4.125904971830311047e-02 1.969468209646096230e-02 3.666703767679112269e-02 3.043306347713208015e-02 2.477223637652449170e-02 2.611706916797752048e-02 2.822917619590782981e-02
1.200000000000000178e+00 1.891718017684874964e-02 5.629140185833282628e-02 3.097920029904075584e-02 2.805036245572408576e-02 3.997316450925519904e-02 3.786925665592247303e-02 4.101523252668255737e-02 4.079582730804258428e-02 4.049140611074672491e-02
1.300000000000000044e+00 5.003364703263073199e-02 5.380762494454160300e-02 7.928322099113137289e-02 6.349190798823346749e-02 4.858927303455400082e-02 5.010782151643025650e-02 5.348394641362372304e-02 5.501389072638266514e-02 5.429264782332578892e-02
1.400000000000000133e+00 -5.732554157100475112e-02 3.148339143380945310e-02 8.772147614888986533e-02 9.061170846750497831e-02 7.431953124914560116e-02 7.092160759754082000e-02 7.802834580919179586e-02 7.339978767570827511e-02 7.063646178091609329e-02
1.500000000000000000e+00 8.420559911325266322e-02 8.280274366390517893e-02 6.918270655406598413e-02 7.813919946642192138e-02 8.911246119896323870e-02 8.285272317962791289e-02 8.724725402369966354e-02 8.477135835037075129e-02 8.595628153792210513e-02
1.600000000000000089e+00 1.011477575986209354e-01 1.784482604519710414e-01 1.101355091042219708e-01 1.118934910065714494e-01 9.085859010808391978e-02 1.004783185313655736e-01 1.010279022155161494e-01 1.029702311723915964e-01 1.015088160487989388e-01
1.700000000000000178e+00 1.836181716510800199e-01 2.209583857049531030e-02 1.650583019565897147e-01 1.209110946460675295e-01 1.106886076656651008e-01 1.137772000592669336e-01 1.222484269342159618e-01 1.172370077978959618e-01 1.189006853394395657e-01
1.800000000000000044e+00 1.130794144805992996e-01 5.771073824588540679e-02 1.181969359584153501e-01 1.417716604327002305e-01 1.338542069507843990e-01 1.290259413212015704e-01 1.390096281180365489e-01 1.361303159807378260e-01 1.328285433838980456e-01
1.900000000000000133e+00 2.329320385319796349e-01 2.202467650787623132e-01 1.309576572593953714e-01 1.540797390078850471e-01 1.483084215239793280e-01 1.446763735420012742e-01 1.461951725511783096e-01 1.503507608368997717e-01 1.474508595135442524e-01
2.000000000000000000e+00 2.382847724784609156e-01 2.399569372398551725e-01 1.777079471888809437e-01 1.559095367480106686e-01 1.777627641044168261e-01 1.561072216602336638e-01 1.618990691999030174e-01 1.595971406262338410e-01 1.594589330487682644e-01
2.100000000000000089e+00 1.052917963458750855e-01 1.994340936032471534e-01 1.669525085942388798e-01 1.645585970767700912e-01 1.665115995848727160e-01 1.700647366206262667e-01 1.781630156651869412e-01 1.698909853045986185e-01 1.734404076911733594e-01
2.200000000000000178e+00 1.477907127724477909e-01 8.859049082424666488e-02 1.931758841731491538e-01 1.962955811380270588e-01 1.777116292569718703e-01 1.931471745341888091e-01 1.821917605730848377e-01 1.848818396429611488e-01 1.836920397493488899e-01
2.300000000000000266e+00 1.726525870819199393e-01 1.975385006655346609e-01 2.109609744258141850e-01 2.199874161960141405e-01 1.903112495335420040e-01 1.939011114616432940e-01 1.896368295920092817e-01 1.954361023671226105e-01 1.932170765737299956e-01
2.400000000000000355e+00 2.511126035788958655e-01 1.887212773626829598e-01 1.656042762614715891e-01 2.075969151833319815e-01 1.996659601752511226e-01 2.064012964908476244e-01 2.043445890865261683e-01 2.001896362386853534e-01 2.005543213812152337e-01
2.500000000000000000e+00 2.898586533252197062e-01 2.408938867834436448e-01 2.438359880735080920e-01 1.972416118333527590e-01 2.016968038604550206e-01 1.973979387718389489e-01 2.091484630660599420e-01 2.040423494488067258e-01 2.053750418622652119e-01
2.600000000000000089e+00 1.398436096827843367e-01 1.598524732626900868e-01 1.993029934884349430e-01 1.918875290455136773e-01 2.027896001261128289e-01 2.158746447399671198e-01 2.061411931325736746e-01 2.133244039491842270e-01 2.102285836715498957e-01
2.700000000000000178e+00 1.888342212994175706e-01 2.202856860719257237e-01 2.141508339236848635e-01 2.080830312293874274e-01 2.216322097079041209e-01 2.111907508934132982e-01 2.116210418763517231e-01 2.099575180551124243e-01 2.090720303720570439e-01
2.800000000000000266e+00 3.745526720740375293e-01 2.973827598623827728e-01 2.090050231826746929e-01 2.234595698054175905e-01 2.173054190430172283e-01 2.189408668454449480e-01 2.095177011848267934e-01 2.066464916193669898e-01 2.073392789249364210e-01
2.900000000000000355e+00 2.646966957498198547e-01 1.499256336714860915e-01 1.855543165262096839e-01 1.937239828263773167e-01 2.270468417432279784e-01 1.986171238503908199e-01 2.039819224053925073e-01 2.030186980321646850e-01 2.029849502532137251e-01
3.000000000000000000e+00 6.901917264063056612e-03 2.703935140571475104e-01 2.119305240210475061e-01 1.994044005373910022e-01 2.060208414169747704e-01 1.970731120836025918e-01 1.921580726865844135e-01 1.959791278292596639e-01 1.942422501591997697e-01
3.100000000000000089e+00 1.738066496668045358e-01 8.595286887612169080e-02 2.061739019030410514e-01 1.937164990786362506e-01 1.970930449857090372e-01 1.790345699384717770e-01 1.881534955725078229e-01 1.837337548259467823e-01 1.844333446355511941e-01
3.200000000000000178e+00 3.715607725209454371e-01 1.485738551788600426e-01 1.908720589641002552e-01 1.441159517406671586e-01 1.762023301559988986e-01 1.760230942358482764e-01 1.723268783823061201e-01 1.707937715208280860e-01 1.713658756333208133e-01
3.300000000000000266e+00 4.996413571675414889e-02 1.218635271180151386e-01 2.045301978873957649e-01 1.492813823521313144e-01 1.508571040607431246e-01 1.563602662059986326e-01 1.534386222533002109e-01 1.531393712448461952e-01 1.559684438907985859e-01
3.400000000000000355e+00 1.268974870231601715e-01 2.145558803537367110e-01 7.747031034671533756e-02 1.332159183430738081e-01 1.312482103355670227e-01 1.304742832632765637e-01 1.413939719704620512e-01 1.378291448920053730e-01 1.374002182872268996e-01
3.500000000000000000e+00 1.691915187206045612e-01 1.106346321827648554e-01 1.190497723119908341e-01 1.084006206754073720e-01 1.085836285053149164e-01 1.090502700400951264e-01 1.151938935787634455e-01 1.154900440579980092e-01 1.152024209006485417e-01
3.600000000000000089e+00 1.187098604629717169e-01 1.074274265616903534e-01 1.255251652334744561e-01 8.681338634946603183e-02 8.231723615052136123e-02 8.894490954351173817e-02 9.020349881408576409e-02 8.713821549958383761e-02 8.869042316964548256e-02
3.700000000000000178e+00 8.283684779586575342e-03 7.972931326313377476e-02 3.402127881702593504e-02 6.974008018174225609e-02 6.765370046478935695e-02 6.237589949284718521e-02 6.197101869166913440e-02 5.994929223623068210e-02 6.069044418949934294e-02
3.800000000000000266e+00 -5.721680403857719310e-02 1.766409631024209309e-02 9.672425493686601095e-02 9.158038543234076068e-03 2.140287079719823543e-02 3.274932539272703419e-02 2.800538781953834655e-02 3.329384232809487476e-02 3.137457423892508340e-02
3.900000000000000355e+00 1.714131070892824932e-02 -9.798188644407090919e-02 -4.450770453321418324e-02 -1.969864181669899253e-02 -8.608514975464898362e-04 3.703798975985350163e-03 2.051128226243382688e-03 -1.871028847617295637e-03 -3.220927020307706203e-03
4.000000000000000000e+00 -9.494384990722590234e-02 -9.880297390481455888e-02 -2.248825217084934186e-02 -2.372764622088583894e-02 -3.591656246729305751e-02 -4.275525340929343943e-02 -4.193793850898417525e-02 -3.676681859800461777e-02 -3.699460049479129375e-02
4.100000000000000533e+00 -6.862986164423007240e-02 -1.464006395275178063e-01 -8.029008202115417436e-02 -8.976152893823492740e-02 -7.216797244231533404e-02 -7.697844411804949383e-02 -8.083446975695894599e-02 -7.464311753054038434e-02 -7.575470810648191056e-02
4.200000000000000178e+00 -2.194267500395015447e-01 -9.056567629434431055e-02 -1.524695592099286345e-01 -1.198443411237517381e-01 -1.128260308523902078e-01 -1.047584908856045022e-01 -1.167084623208631960e-01 -1.149504838963005954e-01 -1.145741617111230015e-01
4.299999999999999822e+00 1.072956788758985813e-01 -5.154351810884183482e-02 -2.236911297254410291e-01 -1.440030608617357544e-01 -1.474603146766089445e-01 -1.525916744321555441e-01 -1.574349840740844331e-01 -1.583168785364653941e-01 -1.560972074586974845e-01
4.400000000000000355e+00 -9.960554764091567037e-02 -2.085227353833396247e-01 -1.389930051736307515e-01 -1.890133973793828859e-01 -1.927719772600810511e-01 -2.114820321606714626e-01 -1.989192803838270296e-01 -1.987616161071120435e-01 -2.001409632133257788e-01
4.500000000000000000e+00 -1.717456692824718689e-01 -2.646551704545015427e-01 -2.181690335029391747e-01 -2.343334688553398992e-01 -2.368883509255474140e-01 -2.491527563318547411e-01 -2.410157641031212272e-01 -2.444973827033836700e-01 -2.419996592889914477e-01
4.600000000000000533e+00 -1.624066919711946444e-01 -2.882857836619618919e-01 -2.735732480254429722e-01 -3.146729875297276102e-01 -2.948571627561902830e-01 -2.908648527029259467e-01 -2.873504204085388647e-01 -2.903831679134845078e-01 -2.907909864592609916e-01
4.700000000000000178e+00 -5.184269169187303294e-01 -3.615594209471166831e-01 -3.573776115301803835e-01 -3.163401758349867476e-01 -3.192281483139916554e-01 -3.436209573667264872e-01 -3.352021853478580615e-01 -3.333821373733649174e-01 -3.357755183857991099e-01
4.800000000000000711e+00 -4.458873097601928071e-01 -4.192202090833845318e-01 -3.655407963633289237e-01 -3.647211073340247967e-01 -3.860856875083166218e-01 -3.834834655770701928e-01 -3.833029592828037790e-01 -3.852222258945435240e-01 -3.823906282275548185e-01
4.900000000000000355e+00 -5.264697420074413436e-01 -4.177169301974924531e-01 -4.409540407143332508e-01 -4.350536788285814249e-01 -4.393416030644241577e-01 -4.250893881600477098e-01 -4.263169352001149326e-01 -4.299790411547780300e-01 -4.274320882116104947e-01
5.000000000000000000e+00 -5.689408867149644555e-01 -4.980275241874940750e-01 -4.819567504472357378e-01 -4.428877181390851736e-01 -4.606043115097995244e-01 -4.687027673530115290e-01 -4.762363407779848234e-01 -4.785415919790140249e-01 -4.759415431762001880e-01
5.100000000000000533e+00 -6.849925016909377273e-01 -5.637424626423475083e-01 -5.551889067214412776e-01 -5.275457894233535061e-01 -5.113713398372294883e-01 -5.159361269089988156e-01 -5.233737133529157148e-01 -5.244858649425866437e-01 -5.216096268436122285e-01
5.200000000000000178e+00 -5.779931864433281996e-01 -5.801349307524940047e-01 -5.960071175144626698e-01 -5.487629596648747610e-01 -5.744449491427600085e-01 -5.726477925686833670e-01 -5.727122969614772963e-01 -5.692754996794714417e-01 -5.693140803485320367e-01
5.300000000000000711e+00 -7.210643386330028992e-01 -5.601148533302306998e-01 -6.289613058720481265e-01 -5.629640775197674030e-01 -6.075937204319316054e-01 -6.136779541907068092e-01 -6.145738700833368595e-01 -6.171348716749635033e-01 -6.133155661794066349e-01
5.400000000000000355e+00 -5.098591385262625231e-01 -6.117374363955365713e-01 -6.215317012639238747e-01 -6.671774406106294464e-01 -6.684073454941817927e-01 -6.563453132960034297e-01 -6.578633435572057708e-01 -6.596186324600693540e-01 -6.573356168131925248e-01
5.500000000000000000e+00 -7.470190868528447936e-01 -7.104727624829046961e-01 -7.111312996587665358e-01 -7.097079548877615052e-01 -7.049323161031399998e-01 -7.022135230218207180e-01 -7.039447308291313377e-01 -7.016312654732733689e-01 -7.025915251590917343e-01
5.600000000000000533e+00 -8.690541861611869034e-01 -7.340353483943720114e-01 -7.178494963578114785e-01 -7.239044361308963893e-01 -7.322951245505133766e-01 -7.392751247492566069e-01 -7.465479587892028812e-01 -7.414618946731810212e-01 -7.418917673917616584e-01
5.700000000000000178e+00 -8.138814831005678485e-01 -9.297531608806408610e-01 -8.518936938885659504e-01 -7.943856340269710437e-01 -7.913055043587412518e-01 -7.826159823487518485e-01 -7.767531107562312132e-01 -7.782364829076491297e-01 -7.804392708315228688e-01
5.800000000000000711e+00 -8.487699497649093816e-01 -7.577693094957123066e-01 -8.524724848403643085e-01 -8.215903833403265244e-01 -8.149061755318212086e-01 -8.245454727266331441e-01 -8.172338697322868439e-01 -8.211341269209407878e-01 -8.199158958531349572e-01
5.900000000000000355e+00 -7.902637186312192474e-01 -8.015631223234206404e-01 -8.800361206354238020e-01 -8.679681197503013035e-01 -8.504244236610127849e-01 -8.441761489301720101e-01 -8.494550780868376227e-01 -8.520843126638526499e-01 -8.536357269011246585e-01
6.000000000000000000e+00 -8.122627798645453145e-01 -7.823983142738237806e-01 -8.795547540160132405e-01 -8.541668212369329938e-01 -8.803577934381622283e-01 -8.863999908024142727e-01 -8.838597463804884757e-01 -8.853467427579210236e-01 -8.849510172150528708e-01
6.100000000000000533e+00 -7.549738797258407352e-01 -9.598848766123030396e-01 -9.155921460323410699e-01 -9.067624555243187778e-01 -9.115376825426307894e-01 -9.067848990106843754e-01 -9.093537803812161702e-01 -9.137370241027273909e-01 -9.155003992948574920e-01
6.200000000000000178e+00 -1.132220524445741505e+00 -8.518103392970232113e-01 -9.306596362843042591e-01 -9.060586017397110892e-01 -9.644492815860831181e-01 -9.414055298461326826e-01 -9.503409381394567479e-01 -9.410697989868740398e-01 -9.426999280755420374e-01
6.300000000000000711e+00 -9.602885454604747073e-01 -8.959234556387164483e-01 -9.219206332414784377e-01 -9.425591066893831416e-01 -9.767558721632502161e-01 -9.589551332293548835e-01 -9.621264495832355657e-01 -9.641057120658974577e-01 -9.647800744554809738e-01
6.400000000000000355e+00 -9.514412081959364720e-01 -1.002398751620923401e+00 -9.966527699162465170e-01 -9.778406680855891153e-01 -9.936023277114959251e-01 -9.930671361888905313e-01 -9.875387205618983977e-01 -9.876568054170524746e-01 -9.878248540507920117e-01
6.500000000000000000e+00 -1.271532034268535893e+00 -9.935383773059809354e-01 -1.017999732465365570e+00 -1.016087777419809823e+00 -1.009625106287679763e+00 -1.012117626757723432e+00 -1.006789979030984883e+00 -1.007116689087674155e+00 -1.005471147751745065e+00
6.600000000000000533e+00 -9.710598932141600859e-01 -1.016333336758585837e+00 -1.018155147276541994e+00 -1.017957230479446862e+00 -9.995169335531463028e-01 -1.030554290478842727e+00 -1.018943173362681920e+00 -1.020082772502280744e+00 -1.018973266064131522e+00
6.700000000000000178e+00 -1.085353499173661529e+00 -1.092063927784679533e+00 -1.031954042632751589e+00 -1.033402982719056507e+00 -1.032722305455050282e+00 -1.037069124402171916e+00 -1.030997607778421976e+00 -1.032890111688806734e+00 -1.032615343144147602e+00
6.800000000000000711e+00 -1.159806449059242794e+00 -1.071269687599949227e+00 -1.057012255378946719e+00 -1.067035431110552768e+00 -1.028624048427325244e+00 -1.039135788991221609e+00 -1.045459161847111629e+00 -1.038441861323150306e+00 -1.041281367068697117e+00
6.900000000000000355e+00 -1.024940335640063704e+00 -1.033460866189148231e+00 -1.066512223836039608e+00 -1.042557459672203590e+00 -1.049323882135444697e+00 -1.042528216510394623e+00 -1.046520084091416392e+00 -1.048124676883765982e+00 -1.048937854233693345e+00
7.000000000000000000e+00 -1.129873419073331720e+00 -1.024781108701466659e+00 -1.044406725890242749e+00 -1.037177430583807514e+00 -1.044474334647883085e+00 -1.047735990975024567e+00 -1.049226386450258452e+00 -1.048958961754874242e+00 -1.052067231680616111e+00
7.100000000000000533e+00 -8.972665997007043259e-01 -1.208321579501602017e+00 -1.054700615000600195e+00 -1.050895238842467716e+00 -1.047425865552067403e+00 -1.043936292352281248e+00 -1.056039287792272185e+00 -1.054633432660259329e+00 -1.051101368036865491e+00
7.200000000000000178e+00 -9.530789780857067406e-01 -1.094628556486151316e+00 -1.083045896700761235e+00 -1.029324674955378160e+00 -1.039456982030854126e+00 -1.052165124591452727e+00 -1.046586516292926206e+00 -1.048369984195566929e+00 -1.050880894511638575e+00
7.300000000000000711e+00 -9.418636760226367644e-01 -9.683217980420920634e-01 -1.043615047081409841e+00 -1.032870716859203064e+00 -1.040994637970648506e+00 -1.047881868196896882e+00 -1.043323625826064083e+00 -1.044639180048454907e+00 -1.046770896218223168e+00
7.400000000000000355e+00 -1.078334431714750741e+00 -1.021616569841700795e+00 -1.045752816722732126e+00 -1.031473543085525302e+00 -1.042831803650518863e+00 -1.036794008162743363e+00 -1.040473571661576724e+00 -1.039303917279268630e+00 -1.039210774875448440e+00
7.500000000000000000e+00 -8.457542510738804697e-01 -9.946385219814287693e-01 -1.016525382672094580e+00 -1.058748618896125038e+00 -1.013692860697218867e+00 -1.032462491711454433e+00 -1.029110171884862757e+00 -1.025785966963731255e+00 -1.028659218765984651e+00
7.600000000000000533e+00 -1.051501158507798017e+00 -9.598319108427456614e-01 -9.623577692592460986e-01 -1.054910994970882143e+00 -1.020854187040591388e+00 -1.014063388459547133e+00 -1.018498299035773602e+00 -1.022080421325759048e+00 -1.018718328415452179e+00
7.700000000000000178e+00 -8.832196817868602778e-01 -9.671294635732989864e-01 -9.533468299529609391e-01 -1.019948657487397048e+00 -1.005750642876388934e+00 -1.014741961992233765e+00 -1.001345214154085506e+00 -1.008453721771924494e+00 -1.004275449369573803e+00
7.800000000000000711e+00 -9.273431441840899181e-01 -1.010810891707282444e+00 -9.838109906501015800e-01 -1.017572915375766884e+00 -9.758000844078460467e-01 -9.835860990460785214e-01 -9.878637093249716949e-01 -9.913967214092387348e-01 -9.910985483250237538e-01
7.900000000000000355e+00 -7.069883070481450815e-01 -9.285442179875286195e-01 -9.376146907314822920e-01 -9.727700975582698195e-01 -9.743735692480582911e-01 -9.604476043363048277e-01 -9.721509019329217516e-01 -9.746360427588839359e-01 -9.729872081678773155e-01
8.000000000000000000e+00 -9.955113623377973564e-01 -9.707204809358167541e-01 -9.527323474509750145e-01 -9.256112697171389181e-01 -9.541045470722130384e-01 -9.621260452888253933e-01 -9.528414031269354378e-01 -9.572279359956876732e-01 -9.590982925406514870e-01
8.099999999999999645e+00 -9.919231965013936003e-01 -9.073403782355453639e-01 -9.208328489274891782e-01 -9.626613470443192710e-01 -9.436602950627525077e-01 -9.374739739486690482e-01 -9.379064536458233681e-01 -9.411315956062819010e-01 -9.410085586792271695e-01
8.200000000000001066e+00 -8.049204725992122889e-01 -9.274199082464044119e-01 -8.989571451906928079e-01 -9.618735530609323625e-01 -9.375967318143834106e-01 -9.180513878443317122e-01 -9.204711203290782962e-01 -9.198870126259912627e-01 -9.237538339861289804e-01
8.300000000000000711e+00 -6.250056188626471609e-01 -8.864896499063625868e-01 -8.920771899214449130e-01 -8.709921205853394799e-01 -9.084057333620501051e-01 -9.162705526985636117e-01 -9.065448045037035607e-01 -9.044762550692133640e-01 -9.061666061573172559e-01
8.400000000000000355e+00 -9.865509036363028228e-01 -8.189488609451303081e-01 -8.534114616481346394e-01 -8.974633583026432326e-01 -8.880279991522131988e-01 -8.912774385165763702e-01 -8.812948689652407852e-01 -8.880644462910460835e-01 -8.875747232195382308e-01
8.500000000000000000e+00 -7.856650041824084774e-01 -8.452631785820847732e-01 -8.447686316098869108e-01 -8.792947486856550476e-01 -8.984661735864090115e-01 -8.663426224048219604e-01 -8.701045722671115756e-01 -8.673334618669923390e-01 -8.700893413966312995e-01
8.599999999999999645e+00 -7.095709928235238717e-01 -8.977067869482699969e-01 -8.276537931570454587e-01 -8.375183379830237751e-01 -8.493099815188240864e-01 -8.469313442952668414e-01 -8.507148493832338287e-01 -8.546420282273266000e-01 -8.516616996162559294e-01
8.700000000000001066e+00 -9.379273627733721863e-01 -8.638147780197568126e-01 -8.256838987337716818e-01 -8.157379949222609561e-01 -8.253305537843367290e-01 -8.306041026242498848e-01 -8.360355060441629904e-01 -8.364636770824287471e-01 -8.345468958913485613e-01
8.800000000000000711e+00 -7.372356809587486959e-01 -8.858287171669545490e-01 -8.267758220935880198e-01 -8.259686558848849947e-01 -8.147948592961015146e-01 -8.156283059878970398e-01 -8.218268173193725712e-01 -8.207447166707048103e-01 -8.188579126690512799e-01
8.900000000000000355e+00 -9.864142645617079985e-01 -8.270403746160448488e-01 -8.281594013669750787e-01 -7.970003089048989242e-01 -8.244504960256592296e-01 -8.059987776712654872e-01 -8.045548741721745278e-01 -8.067889609030557407e-01 -8.063250131235178975e-01
9.000000000000000000e+00 -1.060535385781577578e+00 -8.280128118284049155e-01 -8.384679788810237566e-01 -7.881284913083026478e-01 -7.989429354044480514e-01 -8.001082050441833404e-01 -7.899081625497029746e-01 -7.929499654414164933e-01 -7.917457268480562194e-01
9.099999999999999645e+00 -8.936845935798884977e-01 -7.881839587689837279e-01 -8.069294708232774838e-01 -7.853673576271070766e-01 -7.745278270560129741e-01 -7.733524376474788520e-01 -7.835833119635204902e-01 -7.804765980613143084e-01 -7.830488797280801272e-01
9.200000000000001066e+00 -8.699485985031107926e-01 -7.548006602562707945e-01 -7.640723054570361938e-01 -7.828568968660659655e-01 -7.611796377347294085e-01 -7.722570576981462320e-01 -7.692953037967201757e-01 -7.736356368124440719e-01 -7.703780413689422790e-01
9.300000000000000711e+00 -9.391503493772781486e-01 -7.784576438056157732e-01 -7.744002553849048676e-01 -7.938050174744903931e-01 -7.650571917046092851e-01 -7.669598930887229216e-01 -7.697815476955276459e-01 -7.664468579819947447e-01 -7.659266887878765084e-01
9.400000000000000355e+00 -8.274666884962286195e-01 -8.381748278151477383e-01 -7.838306356464606051e-01 -7.552898657925477544e-01 -7.662321955377532356e-01 -7.538331998212645102e-01 -7.564964248502268340e-01 -7.631097632015628740e-01 -7.613310223681128974e-01
9.500000000000000000e+00 -7.847477588807975080e-01 -7.462562467328187621e-01 -7.629078667771588274e-01 -7.691510668597459910e-01 -7.742115383485721480e-01 -7.689164707701651169e-01 -7.581149610064518152e-01 -7.589051500019293739e-01 -7.571701849767249470e-01
9.600000000000001421e+00 -8.939777763434662017e-01 -7.923344736082762463e-01 -8.275744268521347813e-01 -7.682656442990899448e-01 -7.642857464792365274e-01 -7.589972546096451778e-01 -7.572035195872146573e-01 -7.572188648920630261e-01 -7.577854987015727461e-01
9.700000000000001066e+00 -7.186243607685972590e-01 -8.270447102857881871e-01 -7.281251460383759699e-01 -7.717245636968941280e-01 -7.605592857600576018e-01 -7.580824499669558403e-01 -7.591388096833719956e-01 -7.608812828602447009e-01 -7.613516133172556488e-01
9.800000000000000711e+00 -6.967765185626724200e-01 -7.564903698718635772e-01 -7.171141033328275460e-01 -7.537147430604078657e-01 -7.586115243535554997e-01 -7.610972241946216688e-01 -7.571262393772791865e-01 -7.626119078070012769e-01 -7.665149079569663071e-01
9.900000000000000355e+00 -7.169852423556897225e-01 -8.556814614558304610e-01 -7.361446103637130367e-01 -7.902267115260619423e-01 -7.792635264699001585e-01 -7.655192366552410199e-01 -7.738493178537648731e-01 -7.731795065470240536e-01 -7.710098593329045569e-01
1.000000000000000000e+01 -8.480523167883537994e-01 -7.873659774698451574e-01 -7.853385686803127097e-01 -7.791079267897362826e-01 -7.835326846187113947e-01 -7.726760502703639011e-01 -7.779385983172675267e-01 -7.828906342816690511e-01 -7.811325026540318905e-01
